##Letter	Relative frequency in the English language
z	0.074%
q	0.095%
x	0.150%
j	0.153%
k	0.772%
v	0.978%
b	1.492%
p	1.929%
y	1.974%
g	2.015%
f	2.228%
w	2.360%
m	2.406%
u	2.758%
c	2.782%
l	4.025%
d	4.253%
r	5.987%
h	6.094%
s	6.327%
n	6.749%
i	6.966%
o	7.507%
a	8.167%
t	9.056%
e	12.702%
##Letter	Relative frequency in the Espanol language
A	12,53
B	1,42
C	4,68
D	5,86
E	13,68
F	0,69
G	1,01
H	0,70
I	6,25
J	0,44
K	0,01
L	4,97
M	3,15
N	6,71
Ñ	0,31
O	8,68
P	2,51
Q	0,88
R	6,87
S	7,98
T	4,63
U	3,93
V	0,90
W	0,02
X	0,22
Y	0,90
Z	0,52
##Letter	Relative frequency in the Esperanto language
a	12,59	
i	9,36	
e	8,99
k	4,22
g	1,28
ŭ	0,51
o	8,80
u	3,36
b	1,15
h	0,50
n	7,79
m	3,06
f	1,09
ŝ	0,35
l	6,24
d	3,04
c	0,85
ĵ	0,15
r	5,97
p	2,82
ĝ	0,69	
ĥ	0,01
s	5,91	
j	2,71	
ĉ	0,67
t	5,50
v	1,87
z	0,52
##Letter	Relative frequency in the Deutsch language
E	17,40 %
N	9,78 %
I	7,55 %
S	7,27 %
R	7,00 %
A	6,51 %
T	6,15 %
D	5,08 %
H	4,76 %
U	4,35 %
L	3,44 %
C	3,06 %
G	3,01 %
M	2,53 %
O	2,51 %
B	1,89 %
W	1,89 %
F	1,66 %
K	1,21 %
Z	1,13 %
P	0,79 %
V	0,67 %
ß	0,31 %
J	0,27 %
Y	0,04 %
X	0,03 %
Q	0,02 %
##Letter	Relative frequency in the Français language
e	14,715
s	7,948
a	7,636
i	7,529
t	7,244
n	7,095
r	6,553
u	6,311
l	5,456
o	5,378
d	3,669
c	3,260
p	3,021
m	2,968
é	1,904
v	1,628
q	1,362
f	1,066
b	0,901
g	0,866
h	0,737
j	0,545
à	0,486
x	0,387
y	0,308
è	0,271
ê	0,225
z	0,136
w	0,114
ç	0,085
ù	0,058
k	0,049
î	0,045
œ	0,018
ï	0,006
ë	0,000
##Letter	Relative frequency in the Русский language
о	0,10983
е	0,08483
а	0,07998
и	0,07367
н	0,067
т	0,06318
с	0,05473
р	0,04746
в	0,04533
л	0,04343
к	0,03486
м	0,03203
д	0,02977
п	0,02804
у	0,02615
я	0,02001
ы	0,01898
ь	0,01735
г	0,01687
з	0,01641
б	0,01592
ч	0,0145
й	0,01208
х	0,00966
ж	0,0094
ш	0,00718
ю	0,00639
ц	0,00486
щ	0,00361
э	0,00331
ф	0,00267
ъ	0,00037
ё	0,00013
##Letter	Relative frequency in the Nederlands language
e	281.536
r	201.598
n	196.655
i	177.801
t	176.453
s	167.339
a	162.193
o	150.436
l	137.916
d	123.618
g	111.562
k	86.300
u	77.625
p	77.094
m	73.700
c	67.385
h	66.074
b	66.020
v	62.374
j	46.099
w	39.207
f	37.757
z	27.460
y	5.464
-	5.107
x	3.114
'	2.212
ë	1.852
q	902
ï	680
é	562
è	330
ö	235
.	196
ê	86
ü	75
1	55
2	34
6	34
3	33
5	27
4	25
0	25
7	22
ç	22
à	21
8	17
û	12
9	11
î	11
ñ	8
ä	5
ô	3
##Letter	Relative frequency in the Português language
a	8.167%
b	1.492%
c	2.782%
d	4.253%
e	12.702%
f	2.228%
g	2.015%
h	6.094%
i	6.966%
j	0.153%
k	0.772%
l	4.025%
m	2.406%
n	6.749%
o	7.507%
p	1.929%
q	0.095%
r	5.987%
s	6.327%
t	9.056%
u	2.758%
v	0.978%
w	2.360%
x	0.150%
y	1.974%
z	0.074%
##Letter	Relative frequency in the Slovenščina language
e	10,71%
a	10,47%
o	9,08%
i	9,04%
n	6,33%
l	5,27%
s	5,05%
r	5,01%
j	4,67%
t	4,33%
v	3,76%
k	3,70%
d	3,39%
p	3,37%
m	3,30%
z	2,10%
b	1,94%
u	1,88%
g	1,64%
č	1,48%
h	1,05%
š	1,00%
c	0,66%
ž	0,65%
f	0,11%
##Letter	Relative frequency in 15 languages
##Header: Bokstav	Engelska [1]	Franska [2]	Tyska [3]	Spanska [4]	Portugisiska [5]	Esperanto [6]	Italienska [7]	Turkiska [8]	Svenska [9]	Polska [10]	Nederländska [11]	Danska [12]	Isländska [13]	Finska [14]	Tjeckiska
##unit: %	%	%	%	%	%	%	%	%	%	%	%	%	%	%
a	8,167	7,636	6,516	11,525	14,634	12,117	11,745	12,920	9,383	10,503	7,486	6,025	10,110	12,217	8,421
b	1,492	0,901	1,886	2,215	1,043	0,980	0,927	2,844	1,535	1,740	1,584	2,000	1,043	0,281	0,822
c	2,782	3,260	2,732	4,019	3,882	0,776	4,501	1,463	1,486	3,895	1,242	0,565	0	0,281	0,740
d	4,253	3,669	5,076	5,510	4,992	3,044	3,736	5,206	4,702	3,725	5,933	5,858	1,575	1,043	3,475
e	12,702	14,715	16,396	12,681	11,570	8,995	11,792	9,912	10,149	7,352	17,324	15,453	6,418	7,968	7,562
f	2,228	1,066	1,656	0,692	1,023	1,037	1,153	0,461	2,027	0,143	0,805	2,406	3,013	0,194	0,084
g	2,015	0,866	3,009	1,768	1,303	1,171	1,644	1,253	2,862	1,731	3,403	4,077	4,241	0,392	0,092
h	6,094	0,737	4,577	0,703	0,781	0,384	0,636	1,212	2,090	1,015	2,380	1,621	1,871	1,851	1,356
i	6,966	7,529	6,550	6,247	6,186	10,012	10,143	9,600*	5,817	8,328	6,499	6,000	7,578	10,817	6,073
j	0,153	0,613	0,268	0,443	0,397	3,501	0,011	0,034	0,614	1,836	1,461	0,730	1,144	2,042	1,433
k	0,772	0,049	1,417	0,011	0,015	4,163	0,009	5,683	3,140	2,753	2,248	3,395	3,314	4,973	2,894
l	4,025	5,456	3,437	4,967	2,779	6,145	6,510	5,922	5,275	2,564	3,568	5,229	4,532	5,761	3,802
m	2,406	2,968	2,534	3,157	4,738	2,994	2,512	3,752	3,471	2,515	2,213	3,237	4,041	3,202	2,446
n	6,749	7,095	9,776	6,712	4,046	7,955	6,883	7,987	8,542	6,237	10,032	7,240	7,711	8,826	6,468
o	7,507	5,598	2,594	8,683	9,735	8,779	9,832	2,976	4,482	6,667	6,063	4,636	2,166	5,614	6,695
p	1,929	2,521	0,670	2,510	2,523	2,755	3,056	0,886	1,839	2,445	1,370	1,756	0,789	1,842	1,906
q	0,095	1,362	0,018	0,877	1,204	0	0,505	0	0,020	0	0,009	0,007	0	0,013	0,001
r	5,987	6,693	7,003	6,871	6,530	5,914	6,367	7,722	8,431	5,243	6,411	8,956	8,581	2,872	4,799
s	6,327	7,948	7,273	7,977	6,805	6,092	4,981	3,014	6,590	5,224	5,733	5,805	5,630	7,862	5,212
t	9,056	7,244	6,154	4,632	4,736	5,276	5,623	3,314	7,691	2,475	6,923	6,862	4,953	8,750	5,727
u	2,758	6,311	4,166	2,927	3,634	3,183	3,011	3,235	1,919	2,062	2,192	1,979	4,562	5,008	2,160
v	0,978	1,838	0,846	1,138	1,575	1,904	2,097	0,959	2,415	0,012	1,854	2,332	2,437	2,250	5,344
w	2,360	0,074	1,921	0,017	0,037	0	0,033	0	0,142	5,813	1,821	0,069	0	0,094	0,016
x	0,150	0,427	0,034	0,215	0,253	0	0,003	0	0,159	0,004	0,036	0,028	0,046	0,031	0,027
y	1,974	0,128	0,039	1,008	0,006	0	0,020	3,336	0,708	3,206	0,035	0,698	0,900	1,745	1,043
z	0,074	0,326	1,134	0,517	0,470	0,494	1,181	1,500	0,070	4,852	1,374	0,034	0	0,051	1,503
à	0	0,486	0	0	0,072	0	0,635	0	0	0	0	0	0	0	0
â	0	0,051	0	0	0,562	0	0	0	0	0	0	0	0	0	0
á	0	0	0	0,502	0,118	0	0	0	0	0	0	0	1,799	0	0,867
å	0	0	0	0	0	0	0	0	1,338	0	0	1,190	0	0,003	0
ä	0	0	0,447	0	0	0	0	0	1,797	0	0	0	0	3,577	0
ã	0	0	0	0	0,733	0	0	0	0	0	0	0	0	0	0
ą	0	0	0	0	0	0	0	0	0	0,699	0	0	0	0	0
æ	0	0	0	0	0	0	0	0	0	0	0	0,872	0,867	0	0
œ	0	0,018	0	0	0	0	0	0	0	0	0	0	0	0	0
ç	0	0,085	0	0	0,530	0	0	1,156	0	0	0	0	0	0	0
ĉ	0	0	0	0	0	0,657	0	0	0	0	0	0	0	0	0
ć	0	0	0	0	0	0	0	0	0	0,743	0	0	0	0	0
č	0	0	0	0	0	0	0	0	0	0	0	0	0	0	0,462
ď	0	0	0	0	0	0	0	0	0	0	0	0	0	0	0,015
ð	0	0	0	0	0	0	0	0	0	0	0	0	4,393	0	0
è	0	0,271	0	0	0	0	0,263	0	0	0	0	0	0	0	0
é	0	1,504	0	0,433	0,337	0	0	0	0	0	0	0	0,647	0	0,633
ê	0	0,225	0	0	0,450	0	0	0	0	0	0	0	0	0	0
ë	0	0,001	0	0	0	0	0	0	0	0	0	0	0	0	0
ę	0	0	0	0	0	0	0	0	0	1,035	0	0	0	0	0
ě	0	0	0	0	0	0	0	0	0	0	0	0	0	0	1,222
ĝ	0	0	0	0	0	0,691	0	0	0	0	0	0	0	0	0
ğ	0	0	0	0	0	0	0	1,125	0	0	0	0	0	0	0
ĥ	0	0	0	0	0	0,022	0	0	0	0	0	0	0	0	0
î	0	0,045	0	0	0	0	0	0	0	0	0	0	0	0	0
ì	0	0	0	0	0	0	0,030	0	0	0	0	0	0	0	0
í	0	0	0	0,725	0,132	0	0	0	0	0	0	0	1,570	0	1,643
ï	0	0,005	0	0	0	0	0	0	0	0	0	0	0	0	0
ı	0	0	0	0	0	0	0	5,114*	0	0	0	0	0	0	0
ĵ	0	0	0	0	0	0,055	0	0	0	0	0	0	0	0	0
ł	0	0	0	0	0	0	0	0	0	2,109	0	0	0	0	0
ñ	0	0	0	0,311	0	0	0	0	0	0	0	0	0	0	0
ń	0	0	0	0	0	0	0	0	0	0,362	0	0	0	0	0
ň	0	0	0	0	0	0	0	0	0	0	0	0	0	0	0,007
ò	0	0	0	0	0	0	0,002	0	0	0	0	0	0	0	0
ö	0	0	0,573	0	0	0	0	0,777	1,305	0	0	0	0,777	0,444	0
ô	0	0,023	0	0	0,635	0	0	0	0	0	0	0	0	0	0
ó	0	0	0	0,827	0,296	0	0	0	0	1,141	0	0	0,994	0	0,024
ø	0	0	0	0	0	0	0	0	0	0	0	0,939	0	0	0
ř	0	0	0	0	0	0	0	0	0	0	0	0	0	0	0,380
ŝ	0	0	0	0	0	0,385	0	0	0	0	0	0	0	0	0
ş	0	0	0	0	0	0	0	1,780	0	0	0	0	0	0	0
ś	0	0	0	0	0	0	0	0	0	0,814	0	0	0	0	0
š	0	0	0	0	0	0	0	0	0	0	0	0	0	0	0,688
ß	0	0	0,307	0	0	0	0	0	0	0	0	0	0	0	0
ť	0	0	0	0	0	0	0	0	0	0	0	0	0	0	0,006
þ	0	0	0	0	0	0	0	0	0	0	0	0	1,455	0	0
ù	0	0,058	0	0	0	0	0,166	0	0	0	0	0	0	0	0
ú	0	0	0	0,168	0,207	0	0	0	0	0	0	0	0,613	0	0,045
ŭ	0	0	0	0	0	0,520	0	0	0	0	0	0	0	0	0
ü	0	0	0,995	0,012	0,026	0	0	1,854	0	0	0	0	0	0	0
ů	0	0	0	0	0	0	0	0	0	0	0	0	0	0	0,204
ý	0	0	0	0	0	0	0	0	0	0	0	0	0,228	0	0,995
ź	0	0	0	0	0	0	0	0	0	0,078	0	0	0	0	0
ż	0	0	0	0	0	0	0	0	0	0,706	0	0	0	0	0
ž	0	0	0	0	0	0	0	0	0	0	0	0	0	0	0,721
